[gd_scene load_steps=12 format=2]

[ext_resource path="res://car.tscn" type="PackedScene" id=1]
[ext_resource path="res://Road.tscn" type="PackedScene" id=2]
[ext_resource path="res://kenney_racingkit2/grass.material" type="Material" id=3]
[ext_resource path="res://kenney_racingkit2/treeLarge.tscn" type="PackedScene" id=4]
[ext_resource path="res://fps.tscn" type="PackedScene" id=5]
[ext_resource path="res://kenney_racingkit2/grandStandAwning.tscn" type="PackedScene" id=6]
[ext_resource path="res://kenney_racingkit2/grandStandRound.tscn" type="PackedScene" id=7]
[ext_resource path="res://kenney_racingkit2/overheadRoundColored.tscn" type="PackedScene" id=8]
[ext_resource path="res://engine-loop/engine-loop-1-normalized.wav" type="AudioStream" id=9]

[sub_resource type="PlaneMesh" id=1]
size = Vector2( 2000, 2000 )

[sub_resource type="ConcavePolygonShape" id=2]
data = PoolVector3Array( 1000, 0, 1000, -1000, 0, 1000, 1000, 0, -1000, -1000, 0, 1000, -1000, 0, -1000, 1000, 0, -1000 )

[node name="Race" type="Spatial"]

[node name="fps" parent="." instance=ExtResource( 5 )]
visible = false
margin_bottom = 59.0

[node name="Road" parent="." instance=ExtResource( 2 )]
transform = Transform( 3, 0, 0, 0, 3, 0, 0, 0, 3, 9.37546, 0, 0 )

[node name="car" parent="." instance=ExtResource( 1 )]
transform = Transform( -1, 0, 3.25841e-07, 0, 1, 0, -3.25841e-07, 0, -1, -9.261, 0.226, -14.144 )
axis_lock_angular_x = true
axis_lock_angular_z = true

[node name="Camera" type="Camera" parent="car"]
transform = Transform( 1, -6.80132e-08, -7.17729e-09, 6.80132e-08, 0.977973, 0.208731, -7.17728e-09, -0.208731, 0.977973, 1.43051e-06, 2.69673, 4.81864 )
fov = 60.0
far = 1000.0

[node name="engine_sfx" type="AudioStreamPlayer" parent="car"]
stream = ExtResource( 9 )
volume_db = -80.0
pitch_scale = 0.01
autoplay = true
bus = "SFX"

[node name="Ground" type="MeshInstance" parent="."]
transform = Transform( 1, 0, 0, 0, 1, 0, 0, 0, 1, -175.848, 0.124985, -5.08947 )
mesh = SubResource( 1 )
material/0 = ExtResource( 3 )

[node name="StaticBody" type="StaticBody" parent="Ground"]

[node name="CollisionShape" type="CollisionShape" parent="Ground/StaticBody"]
shape = SubResource( 2 )

[node name="Sun" type="DirectionalLight" parent="."]
transform = Transform( -0.536222, 0.840415, 0.0785432, 0.777537, 0.455595, 0.433439, 0.328485, 0.29349, -0.897754, 3.96282, 15.3862, -0.910858 )
light_color = Color( 1, 0.766667, 0, 1 )
light_energy = 0.77
shadow_enabled = true
directional_shadow_mode = 1

[node name="Trees" type="Spatial" parent="."]

[node name="treeLarge" parent="Trees" instance=ExtResource( 4 )]
transform = Transform( 1, 0, 0, 0, 1, 0, 0, 0, 1, 10.8527, 0, 0 )

[node name="treeLarge3" parent="Trees" instance=ExtResource( 4 )]
transform = Transform( 0.792737, 0, -0.609564, 0, 1, 0, 0.609564, 0, 0.792737, -120.399, 0, 5.69434 )

[node name="treeLarge4" parent="Trees" instance=ExtResource( 4 )]
transform = Transform( 0.792737, 0, -0.609564, 0, 1, 0, 0.609564, 0, 0.792737, -135.21, 0, -5.69434 )

[node name="treeLarge5" parent="Trees" instance=ExtResource( 4 )]
transform = Transform( 0.591267, 0, -0.806476, 0, 1, 0, 0.806476, 0, 0.591267, -128.296, 0, 14.0465 )

[node name="treeLarge6" parent="Trees" instance=ExtResource( 4 )]
transform = Transform( 0.746115, 0, 0.665817, 0, 1, 0, -0.665817, 0, 0.746115, -90.8495, 0, 26.4862 )

[node name="treeLarge7" parent="Trees" instance=ExtResource( 4 )]
transform = Transform( 0.997331, 0, 0.073012, 0, 1, 0, -0.073012, 0, 0.997331, -162.95, 0, 98.4587 )

[node name="treeLarge8" parent="Trees" instance=ExtResource( 4 )]
transform = Transform( 0.997331, 0, 0.073012, 0, 1, 0, -0.073012, 0, 0.997331, -130.197, 0, 113.37 )

[node name="treeLarge11" parent="Trees" instance=ExtResource( 4 )]
transform = Transform( 0.792737, 0, -0.609564, 0, 1, 0, 0.609564, 0, 0.792737, -169.449, 0, -65.3118 )

[node name="treeLarge12" parent="Trees" instance=ExtResource( 4 )]
transform = Transform( 0.792737, 0, -0.609564, 0, 1, 0, 0.609564, 0, 0.792737, -184.26, 0, -76.7005 )

[node name="treeLarge13" parent="Trees" instance=ExtResource( 4 )]
transform = Transform( 0.591267, 0, -0.806476, 0, 1, 0, 0.806476, 0, 0.591267, -177.346, 0, -56.9597 )

[node name="treeLarge14" parent="Trees" instance=ExtResource( 4 )]
transform = Transform( 0.746115, 0, 0.665817, 0, 1, 0, -0.665817, 0, 0.746115, -139.9, 0, -44.52 )

[node name="treeLarge15" parent="Trees" instance=ExtResource( 4 )]
transform = Transform( 0.997331, 0, 0.073012, 0, 1, 0, -0.073012, 0, 0.997331, -212, 0, 27.4526 )

[node name="treeLarge16" parent="Trees" instance=ExtResource( 4 )]
transform = Transform( 0.997331, 0, 0.073012, 0, 1, 0, -0.073012, 0, 0.997331, -179.247, 0, 42.3639 )

[node name="treeLarge23" parent="Trees" instance=ExtResource( 4 )]
transform = Transform( 0.997331, 0, 0.073012, 0, 1, 0, -0.073012, 0, 0.997331, -104.556, 0, 161.056 )

[node name="treeLarge25" parent="Trees" instance=ExtResource( 4 )]
transform = Transform( 1, 0, 0, 0, 1, 0, 0, 0, 1, -175.525, 0, -25.9397 )

[node name="treeLarge26" parent="Trees" instance=ExtResource( 4 )]
transform = Transform( 1, 0, 0, 0, 1, 0, 0, 0, 1, -194.208, 0, -25.9397 )

[node name="treeLarge27" parent="Trees" instance=ExtResource( 4 )]
transform = Transform( 0.792737, 0, -0.609564, 0, 1, 0, 0.609564, 0, 0.792737, -295.924, 0, -20.2453 )

[node name="treeLarge28" parent="Trees" instance=ExtResource( 4 )]
transform = Transform( 0.792737, 0, -0.609564, 0, 1, 0, 0.609564, 0, 0.792737, -310.735, 0, -31.634 )

[node name="treeLarge29" parent="Trees" instance=ExtResource( 4 )]
transform = Transform( 0.591267, 0, -0.806476, 0, 1, 0, 0.806476, 0, 0.591267, -303.821, 0, -11.8932 )

[node name="treeLarge30" parent="Trees" instance=ExtResource( 4 )]
transform = Transform( 0.746115, 0, 0.665817, 0, 1, 0, -0.665817, 0, 0.746115, -284.626, 0, 0.546501 )

[node name="treeLarge33" parent="Trees" instance=ExtResource( 4 )]
transform = Transform( 1, 0, 0, 0, 1, 0, 0, 0, 1, -224.575, 0, -96.9458 )

[node name="treeLarge34" parent="Trees" instance=ExtResource( 4 )]
transform = Transform( 1, 0, 0, 0, 1, 0, 0, 0, 1, -243.259, 0, -96.9458 )

[node name="treeLarge35" parent="Trees" instance=ExtResource( 4 )]
transform = Transform( 0.792737, 0, -0.609564, 0, 1, 0, 0.609564, 0, 0.792737, -344.974, 0, -91.2515 )

[node name="treeLarge36" parent="Trees" instance=ExtResource( 4 )]
transform = Transform( 0.792737, 0, -0.609564, 0, 1, 0, 0.609564, 0, 0.792737, -359.785, 0, -102.64 )

[node name="treeLarge37" parent="Trees" instance=ExtResource( 4 )]
transform = Transform( 0.591267, 0, -0.806476, 0, 1, 0, 0.806476, 0, 0.591267, -352.871, 0, -82.8993 )

[node name="treeLarge38" parent="Trees" instance=ExtResource( 4 )]
transform = Transform( 0.746115, 0, 0.665817, 0, 1, 0, -0.665817, 0, 0.746115, -315.425, 0, -70.4597 )

[node name="treeLarge39" parent="Trees" instance=ExtResource( 4 )]
transform = Transform( 0.997331, 0, 0.073012, 0, 1, 0, -0.073012, 0, 0.997331, -587.426, 0, -4.03958 )

[node name="treeLarge40" parent="Trees" instance=ExtResource( 4 )]
transform = Transform( 0.997331, 0, 0.073012, 0, 1, 0, -0.073012, 0, 0.997331, -354.772, 0, 38.1294 )

[node name="treeLarge41" parent="Trees" instance=ExtResource( 4 )]
transform = Transform( 1, 0, 0, 0, 1, 0, 0, 0, 1, -117.132, 0, 36.6579 )

[node name="treeLarge42" parent="Trees" instance=ExtResource( 4 )]
transform = Transform( 1, 0, 0, 0, 1, 0, 0, 0, 1, -135.815, 0, 36.6579 )

[node name="treeLarge43" parent="Trees" instance=ExtResource( 4 )]
transform = Transform( 0.792737, 0, -0.609564, 0, 1, 0, 0.609564, 0, 0.792737, -237.531, 0, 42.3522 )

[node name="treeLarge44" parent="Trees" instance=ExtResource( 4 )]
transform = Transform( 0.792737, 0, -0.609564, 0, 1, 0, 0.609564, 0, 0.792737, -252.342, 0, 30.9636 )

[node name="treeLarge45" parent="Trees" instance=ExtResource( 4 )]
transform = Transform( 0.591267, 0, -0.806476, 0, 1, 0, 0.806476, 0, 0.591267, -245.427, 0, 50.7044 )

[node name="treeLarge46" parent="Trees" instance=ExtResource( 4 )]
transform = Transform( 0.746115, 0, 0.665817, 0, 1, 0, -0.665817, 0, 0.746115, -207.981, 0, 63.1441 )

[node name="treeLarge48" parent="Trees" instance=ExtResource( 4 )]
transform = Transform( 0.997331, 0, 0.073012, 0, 1, 0, -0.073012, 0, 0.997331, -247.329, 0, 150.028 )

[node name="treeLarge52" parent="Trees" instance=ExtResource( 4 )]
transform = Transform( 0.792737, 0, -0.609564, 0, 1, 0, 0.609564, 0, 0.792737, -84.1952, 0, -199.377 )

[node name="treeLarge55" parent="Trees" instance=ExtResource( 4 )]
transform = Transform( 0.997331, 0, 0.073012, 0, 1, 0, -0.073012, 0, 0.997331, -111.935, 0, -95.2239 )

[node name="treeLarge59" parent="Trees" instance=ExtResource( 4 )]
transform = Transform( 0.792737, 0, -0.609564, 0, 1, 0, 0.609564, 0, 0.792737, -185.008, 0, -232.67 )

[node name="treeLarge61" parent="Trees" instance=ExtResource( 4 )]
transform = Transform( 0.591267, 0, -0.806476, 0, 1, 0, 0.806476, 0, 0.591267, -126.331, 0, -250.642 )

[node name="treeLarge62" parent="Trees" instance=ExtResource( 4 )]
transform = Transform( 0.746115, 0, 0.665817, 0, 1, 0, -0.665817, 0, 0.746115, -88.8852, 0, -238.203 )

[node name="treeLarge63" parent="Trees" instance=ExtResource( 4 )]
transform = Transform( 0.997331, 0, 0.073012, 0, 1, 0, -0.073012, 0, 0.997331, -160.985, 0, -166.23 )

[node name="treeLarge64" parent="Trees" instance=ExtResource( 4 )]
transform = Transform( 0.997331, 0, 0.073012, 0, 1, 0, -0.073012, 0, 0.997331, -128.233, 0, -151.319 )

[node name="treeLarge65" parent="Trees" instance=ExtResource( 4 )]
transform = Transform( 1, 0, 0, 0, 1, 0, 0, 0, 1, 109.408, 0, -131.085 )

[node name="treeLarge66" parent="Trees" instance=ExtResource( 4 )]
transform = Transform( 1, 0, 0, 0, 1, 0, 0, 0, 1, 90.7246, 0, -131.085 )

[node name="treeLarge67" parent="Trees" instance=ExtResource( 4 )]
transform = Transform( 0.792737, 0, -0.609564, 0, 1, 0, 0.609564, 0, 0.792737, 10.3681, 0, -125.391 )

[node name="treeLarge72" parent="Trees" instance=ExtResource( 4 )]
transform = Transform( 0.997331, 0, 0.073012, 0, 1, 0, -0.073012, 0, 0.997331, -27.8991, 0, -17.715 )

[node name="treeLarge73" parent="Trees" instance=ExtResource( 4 )]
transform = Transform( 1, 0, 0, 0, 1, 0, 0, 0, 1, -124.51, 0, -219.622 )

[node name="treeLarge74" parent="Trees" instance=ExtResource( 4 )]
transform = Transform( 1, 0, 0, 0, 1, 0, 0, 0, 1, -143.194, 0, -219.622 )

[node name="treeLarge75" parent="Trees" instance=ExtResource( 4 )]
transform = Transform( 0.792737, 0, -0.609564, 0, 1, 0, 0.609564, 0, 0.792737, -244.909, 0, -213.928 )

[node name="treeLarge76" parent="Trees" instance=ExtResource( 4 )]
transform = Transform( 0.792737, 0, -0.609564, 0, 1, 0, 0.609564, 0, 0.792737, -259.72, 0, -225.317 )

[node name="treeLarge77" parent="Trees" instance=ExtResource( 4 )]
transform = Transform( 0.591267, 0, -0.806476, 0, 1, 0, 0.806476, 0, 0.591267, -252.806, 0, -205.576 )

[node name="treeLarge78" parent="Trees" instance=ExtResource( 4 )]
transform = Transform( 0.746115, 0, 0.665817, 0, 1, 0, -0.665817, 0, 0.746115, -215.36, 0, -193.136 )

[node name="treeLarge79" parent="Trees" instance=ExtResource( 4 )]
transform = Transform( 0.997331, 0, 0.073012, 0, 1, 0, -0.073012, 0, 0.997331, -287.46, 0, -121.164 )

[node name="treeLarge80" parent="Trees" instance=ExtResource( 4 )]
transform = Transform( 0.997331, 0, 0.073012, 0, 1, 0, -0.073012, 0, 0.997331, -254.707, 0, -106.252 )

[node name="treeLarge83" parent="Trees" instance=ExtResource( 4 )]
transform = Transform( 0.792737, 0, -0.609564, 0, 1, 0, 0.609564, 0, 0.792737, -62.7034, 0, -310.172 )

[node name="treeLarge84" parent="Trees" instance=ExtResource( 4 )]
transform = Transform( 0.792737, 0, -0.609564, 0, 1, 0, 0.609564, 0, 0.792737, -176.994, 0, -319.358 )

[node name="treeLarge85" parent="Trees" instance=ExtResource( 4 )]
transform = Transform( 0.591267, 0, -0.806476, 0, 1, 0, 0.806476, 0, 0.591267, -192.101, 0, -329.664 )

[node name="treeLarge86" parent="Trees" instance=ExtResource( 4 )]
transform = Transform( 0.746115, 0, 0.665817, 0, 1, 0, -0.665817, 0, 0.746115, -264.41, 0, -257.328 )

[node name="treeLarge87" parent="Trees" instance=ExtResource( 4 )]
transform = Transform( 0.997331, 0, 0.073012, 0, 1, 0, -0.073012, 0, 0.997331, -336.51, 0, -192.17 )

[node name="treeLarge88" parent="Trees" instance=ExtResource( 4 )]
transform = Transform( 0.997331, 0, 0.073012, 0, 1, 0, -0.073012, 0, 0.997331, -303.758, 0, -177.258 )

[node name="treeLarge91" parent="Trees" instance=ExtResource( 4 )]
transform = Transform( 0.792737, 0, -0.609564, 0, 1, 0, 0.609564, 0, 0.792737, -186.516, 0, -151.33 )

[node name="treeLarge92" parent="Trees" instance=ExtResource( 4 )]
transform = Transform( 0.792737, 0, -0.609564, 0, 1, 0, 0.609564, 0, 0.792737, -201.327, 0, -162.719 )

[node name="treeLarge93" parent="Trees" instance=ExtResource( 4 )]
transform = Transform( 0.591267, 0, -0.806476, 0, 1, 0, 0.806476, 0, 0.591267, -277.134, 0, -142.978 )

[node name="treeLarge94" parent="Trees" instance=ExtResource( 4 )]
transform = Transform( 0.746115, 0, 0.665817, 0, 1, 0, -0.665817, 0, 0.746115, -156.967, 0, -125.829 )

[node name="treeLarge95" parent="Trees" instance=ExtResource( 4 )]
transform = Transform( 0.997331, 0, 0.073012, 0, 1, 0, -0.073012, 0, 0.997331, -229.067, 0, -58.566 )

[node name="treeLarge96" parent="Trees" instance=ExtResource( 4 )]
transform = Transform( 0.997331, 0, 0.073012, 0, 1, 0, -0.073012, 0, 0.997331, -196.314, 0, -43.6547 )

[node name="treeLarge97" parent="Trees" instance=ExtResource( 4 )]
transform = Transform( 0.790037, 0, 0.613059, 0, 1, 0, -0.613059, 0, 0.790037, 118.035, 0, -15.5776 )

[node name="treeLarge98" parent="Trees" instance=ExtResource( 4 )]
transform = Transform( 0.790037, 0, 0.613059, 0, 1, 0, -0.613059, 0, 0.790037, 103.274, 0, -4.1236 )

[node name="treeLarge100" parent="Trees" instance=ExtResource( 4 )]
transform = Transform( 0.99999, 0, 0.00441563, 0, 1, 0, -0.00441563, 0, 0.99999, 7.72279, 0, 62.8153 )

[node name="treeLarge110" parent="Trees" instance=ExtResource( 4 )]
transform = Transform( 0.181274, 0, 0.983433, 0, 1, 0, -0.983433, 0, 0.181274, 8.80867, 0, 50.3482 )

[node name="treeLarge112" parent="Trees" instance=ExtResource( 4 )]
transform = Transform( 0.743168, 0, 0.669105, 0, 1, 0, -0.669105, 0, 0.743168, 7.80156, 0, 127.781 )

[node name="treeLarge113" parent="Trees" instance=ExtResource( 4 )]
transform = Transform( 0.790037, 0, 0.613059, 0, 1, 0, -0.613059, 0, 0.790037, 202.543, 0, -1.92164 )

[node name="treeLarge114" parent="Trees" instance=ExtResource( 4 )]
transform = Transform( 0.790037, 0, 0.613059, 0, 1, 0, -0.613059, 0, 0.790037, 187.783, 0, 9.53233 )

[node name="treeLarge115" parent="Trees" instance=ExtResource( 4 )]
transform = Transform( 0.99999, 0, 0.00441563, 0, 1, 0, -0.00441563, 0, 0.99999, 110.915, 0, 76.3887 )

[node name="treeLarge116" parent="Trees" instance=ExtResource( 4 )]
transform = Transform( 0.99999, 0, 0.00441563, 0, 1, 0, -0.00441563, 0, 0.99999, 92.2316, 0, 76.4712 )

[node name="treeLarge117" parent="Trees" instance=ExtResource( 4 )]
transform = Transform( 0.96154, 0, -0.274664, 0, 1, 0, 0.274664, 0, 0.96154, 109.796, 0, 87.8284 )

[node name="treeLarge118" parent="Trees" instance=ExtResource( 4 )]
transform = Transform( 0.181274, 0, 0.983433, 0, 1, 0, -0.983433, 0, 0.181274, 147.007, 0, 74.6995 )

[node name="treeLarge119" parent="Trees" instance=ExtResource( 4 )]
transform = Transform( 0.743168, 0, 0.669105, 0, 1, 0, -0.669105, 0, 0.743168, 134.168, 0, 175.762 )

[node name="treeLarge120" parent="Trees" instance=ExtResource( 4 )]
transform = Transform( 0.743168, 0, 0.669105, 0, 1, 0, -0.669105, 0, 0.743168, 169.185, 0, 167.463 )

[node name="treeLarge123" parent="Trees" instance=ExtResource( 4 )]
transform = Transform( 0.99999, 0, 0.00441563, 0, 1, 0, -0.00441563, 0, 0.99999, -128.168, 0, 149.847 )

[node name="treeLarge124" parent="Trees" instance=ExtResource( 4 )]
transform = Transform( 0.99999, 0, 0.00441563, 0, 1, 0, -0.00441563, 0, 0.99999, -146.851, 0, 149.929 )

[node name="treeLarge125" parent="Trees" instance=ExtResource( 4 )]
transform = Transform( 0.96154, 0, -0.274664, 0, 1, 0, 0.274664, 0, 0.96154, -129.286, 0, 161.286 )

[node name="treeLarge126" parent="Trees" instance=ExtResource( 4 )]
transform = Transform( 0.181274, 0, 0.983433, 0, 1, 0, -0.983433, 0, 0.181274, -92.0761, 0, 148.157 )

[node name="treeLarge127" parent="Trees" instance=ExtResource( 4 )]
transform = Transform( 0.743168, 0, 0.669105, 0, 1, 0, -0.669105, 0, 0.743168, -104.914, 0, 249.22 )

[node name="treeLarge128" parent="Trees" instance=ExtResource( 4 )]
transform = Transform( 0.743168, 0, 0.669105, 0, 1, 0, -0.669105, 0, 0.743168, -69.8972, 0, 240.921 )

[node name="treeLarge129" parent="Trees" instance=ExtResource( 4 )]
transform = Transform( 0.790037, 0, 0.613059, 0, 1, 0, -0.613059, 0, 0.790037, -118.822, 0, 45.5095 )

[node name="treeLarge130" parent="Trees" instance=ExtResource( 4 )]
transform = Transform( 0.790037, 0, 0.613059, 0, 1, 0, -0.613059, 0, 0.790037, -133.582, 0, 56.9634 )

[node name="treeLarge131" parent="Trees" instance=ExtResource( 4 )]
transform = Transform( 0.99999, 0, 0.00441563, 0, 1, 0, -0.00441563, 0, 0.99999, -210.45, 0, 123.82 )

[node name="treeLarge132" parent="Trees" instance=ExtResource( 4 )]
transform = Transform( 0.99999, 0, 0.00441563, 0, 1, 0, -0.00441563, 0, 0.99999, -229.134, 0, 123.902 )

[node name="treeLarge133" parent="Trees" instance=ExtResource( 4 )]
transform = Transform( 0.96154, 0, -0.274664, 0, 1, 0, 0.274664, 0, 0.96154, -211.569, 0, 135.259 )

[node name="treeLarge134" parent="Trees" instance=ExtResource( 4 )]
transform = Transform( 0.181274, 0, 0.983433, 0, 1, 0, -0.983433, 0, 0.181274, -174.359, 0, 122.131 )

[node name="treeLarge135" parent="Trees" instance=ExtResource( 4 )]
transform = Transform( 0.743168, 0, 0.669105, 0, 1, 0, -0.669105, 0, 0.743168, -187.197, 0, 223.193 )

[node name="treeLarge136" parent="Trees" instance=ExtResource( 4 )]
transform = Transform( 0.743168, 0, 0.669105, 0, 1, 0, -0.669105, 0, 0.743168, -152.18, 0, 214.895 )

[node name="treeLarge143" parent="Trees" instance=ExtResource( 4 )]
transform = Transform( 0.743168, 0, 0.669105, 0, 1, 0, -0.669105, 0, 0.743168, -37.3495, 0, 305.798 )

[node name="treeLarge144" parent="Trees" instance=ExtResource( 4 )]
transform = Transform( 0.743168, 0, 0.669105, 0, 1, 0, -0.669105, 0, 0.743168, 14.6116, 0, 254.577 )

[node name="treeLarge145" parent="Trees" instance=ExtResource( 4 )]
transform = Transform( 1, 0, 0, 0, 1, 0, 0, 0, 1, -247.246, 0, -70.5815 )

[node name="treeLarge146" parent="Trees" instance=ExtResource( 4 )]
transform = Transform( 1, 0, 0, 0, 1, 0, 0, 0, 1, -283.287, 0, -70.5815 )

[node name="treeLarge148" parent="Trees" instance=ExtResource( 4 )]
transform = Transform( 0.792737, 0, -0.609564, 0, 1, 0, 0.609564, 0, 0.792737, -388.127, 0, -76.2759 )

[node name="treeLarge149" parent="Trees" instance=ExtResource( 4 )]
transform = Transform( 0.852805, 0, 0.52223, 0, 1, 0, -0.52223, 0, 0.852805, -526.457, 0, -61.1779 )

[node name="treeLarge150" parent="Trees" instance=ExtResource( 4 )]
transform = Transform( -0.601537, 0, 0.798845, 0, 1, 0, -0.798845, 0, -0.601537, -510.949, 0, -97.4612 )

[node name="treeLarge153" parent="Trees" instance=ExtResource( 4 )]
transform = Transform( 1, 0, 0, 0, 1, 0, 0, 0, 1, -301.968, 0, -141.588 )

[node name="treeLarge154" parent="Trees" instance=ExtResource( 4 )]
transform = Transform( 1, 0, 0, 0, 1, 0, 0, 0, 1, -320.651, 0, -141.588 )

[node name="treeLarge155" parent="Trees" instance=ExtResource( 4 )]
transform = Transform( 0.792737, 0, -0.609564, 0, 1, 0, 0.609564, 0, 0.792737, -422.366, 0, -135.893 )

[node name="treeLarge156" parent="Trees" instance=ExtResource( 4 )]
transform = Transform( 0.792737, 0, -0.609564, 0, 1, 0, 0.609564, 0, 0.792737, -437.177, 0, -147.282 )

[node name="treeLarge157" parent="Trees" instance=ExtResource( 4 )]
transform = Transform( 0.591267, 0, -0.806476, 0, 1, 0, 0.806476, 0, 0.591267, -430.263, 0, -127.541 )

[node name="treeLarge158" parent="Trees" instance=ExtResource( 4 )]
transform = Transform( 0.746115, 0, 0.665817, 0, 1, 0, -0.665817, 0, 0.746115, -392.817, 0, -115.102 )

[node name="treeLarge161" parent="Trees" instance=ExtResource( 4 )]
transform = Transform( 1, 0, 0, 0, 1, 0, 0, 0, 1, -194.524, 0, -7.98393 )

[node name="treeLarge162" parent="Trees" instance=ExtResource( 4 )]
transform = Transform( 1, 0, 0, 0, 1, 0, 0, 0, 1, -213.207, 0, -7.98393 )

[node name="treeLarge163" parent="Trees" instance=ExtResource( 4 )]
transform = Transform( 0.673309, 0, 0.739361, 0, 1, 0, -0.739361, 0, 0.673309, -491.341, 0, -74.0073 )

[node name="treeLarge164" parent="Trees" instance=ExtResource( 4 )]
transform = Transform( 0.673309, 0, 0.739361, 0, 1, 0, -0.739361, 0, 0.673309, -479.472, 0, -108.919 )

[node name="treeLarge165" parent="Trees" instance=ExtResource( 4 )]
transform = Transform( 0.591267, 0, -0.806476, 0, 1, 0, 0.806476, 0, 0.591267, -573.309, 0, -14.2545 )

[node name="treeLarge166" parent="Trees" instance=ExtResource( 4 )]
transform = Transform( -0.601537, 0, 0.798845, 0, 1, 0, -0.798845, 0, -0.601537, -468.439, 0, -101.75 )

[node name="treeLarge169" parent="Trees" instance=ExtResource( 4 )]
transform = Transform( 1, 0, 0, 0, 1, 0, 0, 0, 1, -428.442, 0, -96.5212 )

[node name="treeLarge170" parent="Trees" instance=ExtResource( 4 )]
transform = Transform( 1, 0, 0, 0, 1, 0, 0, 0, 1, -447.125, 0, -96.5212 )

[node name="treeLarge171" parent="Trees" instance=ExtResource( 4 )]
transform = Transform( 0.128553, 0, 0.991703, 0, 1, 0, -0.991703, 0, 0.128553, -525.712, 0, -360.559 )

[node name="treeLarge173" parent="Trees" instance=ExtResource( 4 )]
transform = Transform( 0.400046, 0, 0.916495, 0, 1, 0, -0.916495, 0, 0.400046, -516.784, 0, -361.82 )

[node name="treeLarge174" parent="Trees" instance=ExtResource( 4 )]
transform = Transform( 0.746115, 0, 0.665817, 0, 1, 0, -0.665817, 0, 0.746115, -527.317, 0, -70.035 )

[node name="treeLarge175" parent="Trees" instance=ExtResource( 4 )]
transform = Transform( 0.997331, 0, 0.073012, 0, 1, 0, -0.073012, 0, 0.997331, -591.392, 0, -34.9848 )

[node name="treeLarge176" parent="Trees" instance=ExtResource( 4 )]
transform = Transform( 0.997331, 0, 0.073012, 0, 1, 0, -0.073012, 0, 0.997331, -574.065, 0, -36.0057 )

[node name="treeLarge177" parent="Trees" instance=ExtResource( 4 )]
transform = Transform( 1, 0, 0, 0, 1, 0, 0, 0, 1, -477.492, 0, -167.527 )

[node name="treeLarge178" parent="Trees" instance=ExtResource( 4 )]
transform = Transform( 1, 0, 0, 0, 1, 0, 0, 0, 1, -496.176, 0, -167.527 )

[node name="treeLarge179" parent="Trees" instance=ExtResource( 4 )]
transform = Transform( 0.128553, 0, 0.991703, 0, 1, 0, -0.991703, 0, 0.128553, -594.529, 0, -221.208 )

[node name="treeLarge180" parent="Trees" instance=ExtResource( 4 )]
transform = Transform( 0.128553, 0, 0.991703, 0, 1, 0, -0.991703, 0, 0.128553, -577.458, 0, -237.832 )

[node name="treeLarge181" parent="Trees" instance=ExtResource( 4 )]
transform = Transform( 0.400046, 0, 0.916495, 0, 1, 0, -0.916495, 0, 0.400046, -602.812, 0, -229.453 )

[node name="treeLarge183" parent="Trees" instance=ExtResource( 4 )]
transform = Transform( -0.564376, 0, 0.825517, 0, 1, 0, -0.825517, 0, -0.564376, -478.274, 0, -311.203 )

[node name="treeLarge184" parent="Trees" instance=ExtResource( 4 )]
transform = Transform( 0.997331, 0, 0.073012, 0, 1, 0, -0.073012, 0, 0.997331, -607.689, 0, -32.4522 )

[node name="treeLarge185" parent="Trees" instance=ExtResource( 4 )]
transform = Transform( 0.0830691, 0, 0.996544, 0, 1, 0, -0.996544, 0, 0.0830691, -502.996, 0, -70.425 )

[node name="treeLarge186" parent="Trees" instance=ExtResource( 4 )]
transform = Transform( 0.0830691, 0, 0.996544, 0, 1, 0, -0.996544, 0, 0.0830691, -504.548, 0, -51.8066 )

[node name="treeLarge187" parent="Trees" instance=ExtResource( 4 )]
transform = Transform( 0.792737, 0, -0.609564, 0, 1, 0, 0.609564, 0, 0.792737, -490.448, 0, -28.2293 )

[node name="treeLarge188" parent="Trees" instance=ExtResource( 4 )]
transform = Transform( 0.792737, 0, -0.609564, 0, 1, 0, 0.609564, 0, 0.792737, -505.259, 0, -39.6179 )

[node name="treeLarge189" parent="Trees" instance=ExtResource( 4 )]
transform = Transform( 0.591267, 0, -0.806476, 0, 1, 0, 0.806476, 0, 0.591267, -498.344, 0, -19.8771 )

[node name="treeLarge190" parent="Trees" instance=ExtResource( 4 )]
transform = Transform( 0.746115, 0, 0.665817, 0, 1, 0, -0.665817, 0, 0.746115, -492.988, 0, -7.43743 )

[node name="treeLarge192" parent="Trees" instance=ExtResource( 4 )]
transform = Transform( 0.997331, 0, 0.073012, 0, 1, 0, -0.073012, 0, 0.997331, -500.246, 0, 79.4465 )

[node name="treeLarge193" parent="Trees" instance=ExtResource( 4 )]
transform = Transform( 1, 0, 0, 0, 1, 0, 0, 0, 1, -201.903, 0, -250.636 )

[node name="treeLarge194" parent="Trees" instance=ExtResource( 4 )]
transform = Transform( 1, 0, 0, 0, 1, 0, 0, 0, 1, -220.586, 0, -251.447 )

[node name="treeLarge195" parent="Trees" instance=ExtResource( 4 )]
transform = Transform( 0.792737, 0, -0.609564, 0, 1, 0, 0.609564, 0, 0.792737, -322.302, 0, -258.57 )

[node name="treeLarge196" parent="Trees" instance=ExtResource( 4 )]
transform = Transform( 0.792737, 0, -0.609564, 0, 1, 0, 0.609564, 0, 0.792737, -337.112, 0, -257.005 )

[node name="treeLarge197" parent="Trees" instance=ExtResource( 4 )]
transform = Transform( 0.591267, 0, -0.806476, 0, 1, 0, 0.806476, 0, 0.591267, -330.198, 0, -250.218 )

[node name="treeLarge198" parent="Trees" instance=ExtResource( 4 )]
transform = Transform( 0.746115, 0, 0.665817, 0, 1, 0, -0.665817, 0, 0.746115, -292.752, 0, -237.779 )

[node name="treeLarge199" parent="Trees" instance=ExtResource( 4 )]
transform = Transform( 0.997331, 0, 0.073012, 0, 1, 0, -0.073012, 0, 0.997331, -364.852, 0, -165.805 )

[node name="treeLarge200" parent="Trees" instance=ExtResource( 4 )]
transform = Transform( 0.997331, 0, 0.073012, 0, 1, 0, -0.073012, 0, 0.997331, -332.1, 0, -150.894 )

[node name="treeLarge202" parent="Trees" instance=ExtResource( 4 )]
transform = Transform( 1, 0, 0, 0, 1, 0, 0, 0, 1, -38.3794, 0, -362.781 )

[node name="treeLarge203" parent="Trees" instance=ExtResource( 4 )]
transform = Transform( 0.792737, 0, -0.609564, 0, 1, 0, 0.609564, 0, 0.792737, -449.646, 0, -329.577 )

[node name="treeLarge205" parent="Trees" instance=ExtResource( 4 )]
transform = Transform( 0.591267, 0, -0.806476, 0, 1, 0, 0.806476, 0, 0.591267, -457.542, 0, -321.224 )

[node name="treeLarge206" parent="Trees" instance=ExtResource( 4 )]
transform = Transform( 0.746115, 0, 0.665817, 0, 1, 0, -0.665817, 0, 0.746115, -203.443, 0, -314.86 )

[node name="treeLarge207" parent="Trees" instance=ExtResource( 4 )]
transform = Transform( 0.997331, 0, 0.073012, 0, 1, 0, -0.073012, 0, 0.997331, -413.902, 0, -236.812 )

[node name="treeLarge208" parent="Trees" instance=ExtResource( 4 )]
transform = Transform( 0.997331, 0, 0.073012, 0, 1, 0, -0.073012, 0, 0.997331, -381.15, 0, -221.901 )

[node name="treeLarge209" parent="Trees" instance=ExtResource( 4 )]
transform = Transform( 1, 0, 0, 0, 1, 0, 0, 0, 1, -143.509, 0, -201.667 )

[node name="treeLarge210" parent="Trees" instance=ExtResource( 4 )]
transform = Transform( 1, 0, 0, 0, 1, 0, 0, 0, 1, -162.193, 0, -201.667 )

[node name="treeLarge211" parent="Trees" instance=ExtResource( 4 )]
transform = Transform( 0.792737, 0, -0.609564, 0, 1, 0, 0.609564, 0, 0.792737, -242.549, 0, -195.973 )

[node name="treeLarge212" parent="Trees" instance=ExtResource( 4 )]
transform = Transform( 0.792737, 0, -0.609564, 0, 1, 0, 0.609564, 0, 0.792737, -278.719, 0, -219.725 )

[node name="treeLarge213" parent="Trees" instance=ExtResource( 4 )]
transform = Transform( 0.591267, 0, -0.806476, 0, 1, 0, 0.806476, 0, 0.591267, -288.743, 0, -187.621 )

[node name="treeLarge214" parent="Trees" instance=ExtResource( 4 )]
transform = Transform( 0.746115, 0, 0.665817, 0, 1, 0, -0.665817, 0, 0.746115, -234.359, 0, -175.181 )

[node name="treeLarge215" parent="Trees" instance=ExtResource( 4 )]
transform = Transform( 0.997331, 0, 0.073012, 0, 1, 0, -0.073012, 0, 0.997331, -306.459, 0, -103.208 )

[node name="treeLarge216" parent="Trees" instance=ExtResource( 4 )]
transform = Transform( 0.997331, 0, 0.073012, 0, 1, 0, -0.073012, 0, 0.997331, -279.332, 0, -88.2965 )

[node name="treeLarge217" parent="Trees" instance=ExtResource( 4 )]
transform = Transform( 1, 0, 0, 0, 1, 0, 0, 0, 1, -373.961, 0, -333.26 )

[node name="treeLarge218" parent="Trees" instance=ExtResource( 4 )]
transform = Transform( 1, 0, 0, 0, 1, 0, 0, 0, 1, -388.595, 0, -351.716 )

[node name="treeLarge219" parent="Trees" instance=ExtResource( 4 )]
transform = Transform( 0.792737, 0, -0.609564, 0, 1, 0, 0.609564, 0, 0.792737, -497.826, 0, -314.508 )

[node name="treeLarge220" parent="Trees" instance=ExtResource( 4 )]
transform = Transform( 0.792737, 0, -0.609564, 0, 1, 0, 0.609564, 0, 0.792737, -512.637, 0, -325.897 )

[node name="treeLarge221" parent="Trees" instance=ExtResource( 4 )]
transform = Transform( 0.591267, 0, -0.806476, 0, 1, 0, 0.806476, 0, 0.591267, -505.723, 0, -306.156 )

[node name="treeLarge222" parent="Trees" instance=ExtResource( 4 )]
transform = Transform( 0.746115, 0, 0.665817, 0, 1, 0, -0.665817, 0, 0.746115, -415.626, 0, -342.317 )

[node name="treeLarge223" parent="Trees" instance=ExtResource( 4 )]
transform = Transform( -0.564376, 0, 0.825517, 0, 1, 0, -0.825517, 0, -0.564376, -591.94, 0, -251.653 )

[node name="treeLarge224" parent="Trees" instance=ExtResource( 4 )]
transform = Transform( 0.997331, 0, 0.073012, 0, 1, 0, -0.073012, 0, 0.997331, -507.624, 0, -176.834 )

[node name="treeLarge225" parent="Trees" instance=ExtResource( 4 )]
transform = Transform( 1, 0, 0, 0, 1, 0, 0, 0, 1, -466.656, 0, -366.51 )

[node name="treeLarge226" parent="Trees" instance=ExtResource( 4 )]
transform = Transform( 1, 0, 0, 0, 1, 0, 0, 0, 1, -445.161, 0, -366.51 )

[node name="treeLarge228" parent="Trees" instance=ExtResource( 4 )]
transform = Transform( 0.792737, 0, -0.609564, 0, 1, 0, 0.609564, 0, 0.792737, -501.247, 0, -338.075 )

[node name="treeLarge230" parent="Trees" instance=ExtResource( 4 )]
transform = Transform( 0.746115, 0, 0.665817, 0, 1, 0, -0.665817, 0, 0.746115, -517.327, 0, -327.909 )

[node name="treeLarge231" parent="Trees" instance=ExtResource( 4 )]
transform = Transform( 0.997331, 0, 0.073012, 0, 1, 0, -0.073012, 0, 0.997331, -584.875, 0, -256.935 )

[node name="treeLarge232" parent="Trees" instance=ExtResource( 4 )]
transform = Transform( 0.997331, 0, 0.073012, 0, 1, 0, -0.073012, 0, 0.997331, -579.719, 0, -247.84 )

[node name="treeLarge233" parent="Trees" instance=ExtResource( 4 )]
transform = Transform( 1, 0, 0, 0, 1, 0, 0, 0, 1, -319.034, 0, -227.607 )

[node name="treeLarge234" parent="Trees" instance=ExtResource( 4 )]
transform = Transform( 1, 0, 0, 0, 1, 0, 0, 0, 1, -337.718, 0, -227.607 )

[node name="treeLarge235" parent="Trees" instance=ExtResource( 4 )]
transform = Transform( 0.792737, 0, -0.609564, 0, 1, 0, 0.609564, 0, 0.792737, -439.433, 0, -221.912 )

[node name="treeLarge236" parent="Trees" instance=ExtResource( 4 )]
transform = Transform( 0.792737, 0, -0.609564, 0, 1, 0, 0.609564, 0, 0.792737, -454.244, 0, -233.301 )

[node name="treeLarge237" parent="Trees" instance=ExtResource( 4 )]
transform = Transform( 0.591267, 0, -0.806476, 0, 1, 0, 0.806476, 0, 0.591267, -530.051, 0, -213.56 )

[node name="treeLarge238" parent="Trees" instance=ExtResource( 4 )]
transform = Transform( 0.746115, 0, 0.665817, 0, 1, 0, -0.665817, 0, 0.746115, -409.884, 0, -196.411 )

[node name="treeLarge239" parent="Trees" instance=ExtResource( 4 )]
transform = Transform( 0.997331, 0, 0.073012, 0, 1, 0, -0.073012, 0, 0.997331, -481.984, 0, -129.148 )

[node name="treeLarge240" parent="Trees" instance=ExtResource( 4 )]
transform = Transform( 0.997331, 0, 0.073012, 0, 1, 0, -0.073012, 0, 0.997331, -449.231, 0, -114.236 )

[node name="treeLarge241" parent="Trees" instance=ExtResource( 4 )]
transform = Transform( 0.790037, 0, 0.613059, 0, 1, 0, -0.613059, 0, 0.790037, -134.882, 0, -86.1591 )

[node name="treeLarge242" parent="Trees" instance=ExtResource( 4 )]
transform = Transform( 0.790037, 0, 0.613059, 0, 1, 0, -0.613059, 0, 0.790037, -149.643, 0, -74.7051 )

[node name="treeLarge243" parent="Trees" instance=ExtResource( 4 )]
transform = Transform( 0.99999, 0, 0.00441563, 0, 1, 0, -0.00441563, 0, 0.99999, -226.511, 0, -7.84873 )

[node name="treeLarge244" parent="Trees" instance=ExtResource( 4 )]
transform = Transform( 0.99999, 0, 0.00441563, 0, 1, 0, -0.00441563, 0, 0.99999, -245.194, 0, -7.76623 )

[node name="treeLarge245" parent="Trees" instance=ExtResource( 4 )]
transform = Transform( 0.96154, 0, -0.274664, 0, 1, 0, 0.274664, 0, 0.96154, -227.63, 0, 3.59087 )

[node name="treeLarge246" parent="Trees" instance=ExtResource( 4 )]
transform = Transform( 0.181274, 0, 0.983433, 0, 1, 0, -0.983433, 0, 0.181274, -190.42, 0, -9.53793 )

[node name="treeLarge247" parent="Trees" instance=ExtResource( 4 )]
transform = Transform( 0.743168, 0, 0.669105, 0, 1, 0, -0.669105, 0, 0.743168, -203.258, 0, 91.5245 )

[node name="treeLarge248" parent="Trees" instance=ExtResource( 4 )]
transform = Transform( 0.743168, 0, 0.669105, 0, 1, 0, -0.669105, 0, 0.743168, -168.241, 0, 83.2255 )

[node name="treeLarge249" parent="Trees" instance=ExtResource( 4 )]
transform = Transform( 0.790037, 0, 0.613059, 0, 1, 0, -0.613059, 0, 0.790037, -217.165, 0, -112.186 )

[node name="treeLarge250" parent="Trees" instance=ExtResource( 4 )]
transform = Transform( 0.790037, 0, 0.613059, 0, 1, 0, -0.613059, 0, 0.790037, -231.926, 0, -100.732 )

[node name="treeLarge251" parent="Trees" instance=ExtResource( 4 )]
transform = Transform( 0.99999, 0, 0.00441563, 0, 1, 0, -0.00441563, 0, 0.99999, -308.794, 0, -33.8755 )

[node name="treeLarge252" parent="Trees" instance=ExtResource( 4 )]
transform = Transform( 0.99999, 0, 0.00441563, 0, 1, 0, -0.00441563, 0, 0.99999, -327.477, 0, -33.793 )

[node name="treeLarge253" parent="Trees" instance=ExtResource( 4 )]
transform = Transform( 0.96154, 0, -0.274664, 0, 1, 0, 0.274664, 0, 0.96154, -309.912, 0, -22.4359 )

[node name="treeLarge254" parent="Trees" instance=ExtResource( 4 )]
transform = Transform( 0.181274, 0, 0.983433, 0, 1, 0, -0.983433, 0, 0.181274, -280.535, 0, -31.0207 )

[node name="treeLarge255" parent="Trees" instance=ExtResource( 4 )]
transform = Transform( 0.743168, 0, 0.669105, 0, 1, 0, -0.669105, 0, 0.743168, -336.129, 0, 31.9557 )

[node name="treeLarge256" parent="Trees" instance=ExtResource( 4 )]
transform = Transform( 0.743168, 0, 0.669105, 0, 1, 0, -0.669105, 0, 0.743168, -245.116, 0, 57.1995 )

[node name="treeLarge259" parent="Trees" instance=ExtResource( 4 )]
transform = Transform( 0.99999, 0, 0.00441563, 0, 1, 0, -0.00441563, 0, 0.99999, -142.002, 0, 5.80717 )

[node name="treeLarge260" parent="Trees" instance=ExtResource( 4 )]
transform = Transform( 0.99999, 0, 0.00441563, 0, 1, 0, -0.00441563, 0, 0.99999, -160.686, 0, 5.88967 )

[node name="treeLarge261" parent="Trees" instance=ExtResource( 4 )]
transform = Transform( 0.96154, 0, -0.274664, 0, 1, 0, 0.274664, 0, 0.96154, -143.121, 0, 17.2469 )

[node name="treeLarge262" parent="Trees" instance=ExtResource( 4 )]
transform = Transform( 0.181274, 0, 0.983433, 0, 1, 0, -0.983433, 0, 0.181274, -105.91, 0, 4.11797 )

[node name="treeLarge263" parent="Trees" instance=ExtResource( 4 )]
transform = Transform( 0.743168, 0, 0.669105, 0, 1, 0, -0.669105, 0, 0.743168, -118.749, 0, 105.18 )

[node name="treeLarge264" parent="Trees" instance=ExtResource( 4 )]
transform = Transform( 0.743168, 0, 0.669105, 0, 1, 0, -0.669105, 0, 0.743168, -83.7322, 0, 96.8815 )

[node name="treeLarge265" parent="Trees" instance=ExtResource( 4 )]
transform = Transform( 0.790037, 0, 0.613059, 0, 1, 0, -0.613059, 0, 0.790037, -289.456, 0, 0.954674 )

[node name="treeLarge266" parent="Trees" instance=ExtResource( 4 )]
transform = Transform( 0.790037, 0, 0.613059, 0, 1, 0, -0.613059, 0, 0.790037, -304.217, 0, -20.9986 )

[node name="treeLarge267" parent="Trees" instance=ExtResource( 4 )]
transform = Transform( 0.99999, 0, 0.00441563, 0, 1, 0, -0.00441563, 0, 0.99999, -374.314, 0, 47.4697 )

[node name="treeLarge269" parent="Trees" instance=ExtResource( 4 )]
transform = Transform( 0.96154, 0, -0.274664, 0, 1, 0, 0.274664, 0, 0.96154, -370.721, 0, 55.0814 )

[node name="treeLarge271" parent="Trees" instance=ExtResource( 4 )]
transform = Transform( 0.743168, 0, 0.669105, 0, 1, 0, -0.669105, 0, 0.743168, -357.831, 0, 33.7905 )

[node name="treeLarge273" parent="Trees" instance=ExtResource( 4 )]
transform = Transform( -0.545312, 0, 0.838233, 0, 1, 0, -0.838233, 0, -0.545312, -494.316, 0, -68.0056 )

[node name="treeLarge274" parent="Trees" instance=ExtResource( 4 )]
transform = Transform( 0.790037, 0, 0.613059, 0, 1, 0, -0.613059, 0, 0.790037, -586.4, 0, -13.6181 )

[node name="treeLarge275" parent="Trees" instance=ExtResource( 4 )]
transform = Transform( 0.99999, 0, 0.00441563, 0, 1, 0, -0.00441563, 0, 0.99999, -527.547, 0, 36.4574 )

[node name="treeLarge276" parent="Trees" instance=ExtResource( 4 )]
transform = Transform( 0.99999, 0, 0.00441563, 0, 1, 0, -0.00441563, 0, 0.99999, -509.562, 0, 42.6088 )

[node name="treeLarge277" parent="Trees" instance=ExtResource( 4 )]
transform = Transform( 0.96154, 0, -0.274664, 0, 1, 0, 0.274664, 0, 0.96154, -528.666, 0, 47.8964 )

[node name="treeLarge278" parent="Trees" instance=ExtResource( 4 )]
transform = Transform( 0.181274, 0, 0.983433, 0, 1, 0, -0.983433, 0, 0.181274, -358.68, 0, 51.5495 )

[node name="treeLarge279" parent="Trees" instance=ExtResource( 4 )]
transform = Transform( 0.743168, 0, 0.669105, 0, 1, 0, -0.669105, 0, 0.743168, -440.114, 0, 152.611 )

[node name="treeLarge280" parent="Trees" instance=ExtResource( 4 )]
transform = Transform( 0.743168, 0, 0.669105, 0, 1, 0, -0.669105, 0, 0.743168, -405.097, 0, 144.313 )

[node name="treeLarge281" parent="Trees" instance=ExtResource( 4 )]
transform = Transform( 0.790037, 0, 0.613059, 0, 1, 0, -0.613059, 0, 0.790037, -204.948, 0, 14.6107 )

[node name="treeLarge282" parent="Trees" instance=ExtResource( 4 )]
transform = Transform( 0.790037, 0, 0.613059, 0, 1, 0, -0.613059, 0, 0.790037, -219.708, 0, 26.0646 )

[node name="treeLarge286" parent="Trees" instance=ExtResource( 4 )]
transform = Transform( 0.181274, 0, 0.983433, 0, 1, 0, -0.983433, 0, 0.181274, -228.198, 0, 91.2315 )

[node name="treeLarge287" parent="Trees" instance=ExtResource( 4 )]
transform = Transform( -0.891347, 0, -0.453322, 0, 1, 0, 0.453322, 0, -0.891347, -311.094, 0, 226.871 )

[node name="treeLarge288" parent="Trees" instance=ExtResource( 4 )]
transform = Transform( 0.743168, 0, 0.669105, 0, 1, 0, -0.669105, 0, 0.743168, -238.306, 0, 183.995 )

[node name="treeLarge289" parent="Trees" instance=ExtResource( 4 )]
transform = Transform( -0.406019, 0, -0.913865, 0, 1, 0, 0.913865, 0, -0.406019, -192.271, 0, -55.6928 )

[node name="treeLarge290" parent="Trees" instance=ExtResource( 4 )]
transform = Transform( -0.406019, 0, -0.913865, 0, 1, 0, 0.913865, 0, -0.406019, -177.638, 0, -88.629 )

[node name="treeLarge291" parent="Trees" instance=ExtResource( 4 )]
transform = Transform( -0.878925, 0, -0.47696, 0, 1, 0, 0.47696, 0, -0.878925, -146.288, 0, -173.216 )

[node name="treeLarge292" parent="Trees" instance=ExtResource( 4 )]
transform = Transform( -0.878925, 0, -0.47696, 0, 1, 0, 0.47696, 0, -0.878925, -129.867, 0, -182.127 )

[node name="treeLarge293" parent="Trees" instance=ExtResource( 4 )]
transform = Transform( -0.977076, 0, -0.212893, 0, 1, 0, 0.212893, 0, -0.977076, -150.715, 0, -183.824 )

[node name="treeLarge294" parent="Trees" instance=ExtResource( 4 )]
transform = Transform( 0.30553, 0, -0.952182, 0, 1, 0, 0.952182, 0, 0.30553, -177.287, 0, -154.654 )

[node name="treeLarge295" parent="Trees" instance=ExtResource( 4 )]
transform = Transform( -0.338212, 0, -0.94107, 0, 1, 0, 0.94107, 0, -0.338212, -213.786, 0, -249.766 )

